(51, 62, 93, 568, 29, 43, 5, 0.031160712235601826, 5.691678354371201, 0.1327723235156615, 2.313165266106443, 4, 2, -0.66620226605119648, -1)
(26, 29, 15, 14, 13, 9, 1, 0.0, 1.0, 0.13333333333333333, 2.2476190476190476, 3, 2, -0.82265215638855249, -1)
(60, 52, 75, 89, 54, 35, 2, 0.20257588163470516, 1.0079279279279278, 0.03207207207207207, 2.6925418569254185, 5, 3, -0.72208576360636068, -1)
(37, 47, 50, 80, 26, 25, 9, 0.10274747474747473, 0.9510204081632653, 0.0653061224489796, 2.2941176470588234, 5, 3, -0.43912385528635406, -1)
(6, 6, 7, 5, 4, 2, 2, 0.0, 0.5238095238095238, 0.23809523809523808, 2.0, 4, 2, -0.33333333333333331, -1)
(74, 86, 87, 408, 26, 36, 5, 0.05700193630613097, 4.406843090082866, 0.1090617481956696, 2.3842908146705617, 5, 3, -0.34591254400480442, -1)
(101, 120, 121, 535, 55, 72, 8, 0.0804244207068505, 3.224793388429752, 0.07369146005509641, 2.3835302415799684, 6, 3, -0.40677749106920752, -1)
(36, 44, 44, 167, 13, 23, 2, 0.013744084198629653, 4.261099365750528, 0.17653276955602537, 2.1846689895470384, 4, 2, -0.53136311319114471, -1)
(94, 92, 104, 364, 38, 53, 3, 0.0557916194683749, 2.9032860343539957, 0.06796116504854369, 2.614141414141414, 5, 3, -0.31499158738706451, -1)
(93, 113, 106, 318, 39, 35, 1, 0.023889422881745382, 2.47403414195867, 0.05714285714285714, 3.0587601078167115, 7, 4, -0.33362359599113733, -1)
(60, 75, 70, 284, 21, 29, 3, 0.07348208532616195, 3.8107660455486543, 0.11759834368530021, 2.4093240093240094, 5, 3, -0.41452388541058638, -1)
(22, 28, 45, 120, 11, 31, 1, 0.26559740259740267, 2.4292929292929295, 0.12121212121212122, 2.1515151515151514, 4, 2, -0.61322466376753182, -1)
(25, 33, 35, 84, 11, 24, 2, 0.10290957489715254, 2.334453781512605, 0.1411764705882353, 2.1079545454545454, 4, 2, -0.55685664651775646, -1)
(30, 37, 105, 423, 44, 41, 3, 0.005517983735888777, 3.1505494505494505, 0.07747252747252747, 2.7768316831683166, 6, 3, -0.67824132518276781, -1)
(32, 43, 43, 97, 14, 16, 2, 0.017744271232643324, 2.150609080841639, 0.10741971207087486, 2.6121951219512196, 6, 3, -0.49031146231768374, -1)
(7, 9, 8, 5, 6, 2, 3, 0.0, 0.2857142857142857, 0.17857142857142858, 1.6666666666666667, 3, 2, -0.49999999999999878, -1)
(40, 46, 48, 223, 8, 34, 1, 0.17502341521949363, 4.9804964539007095, 0.1976950354609929, 2.223404255319149, 6, 3, -0.35748802965449478, -1)
(61, 77, 79, 125, 50, 31, 7, 0.023436393015813187, 1.0431678026614735, 0.04057124310288867, 2.6246042514699233, 5, 3, -0.58315061703503956, -1)
(5, 5, 6, 4, 5, 3, 2, 0.0, 0.4666666666666667, 0.26666666666666666, 1.5, 2, 1, -1.0, -1)
(28, 40, 39, 51, 22, 25, 7, 0.24907736138505365, 0.7300944669365722, 0.06882591093117409, 1.9002849002849003, 3, 2, -0.74460688604219272, -1)
(31, 48, 48, 107, 20, 27, 5, 0.03585080043413378, 1.7650709219858156, 0.09485815602836879, 2.3346153846153848, 5, 3, -0.59982123583378277, -1)
(86, 65, 94, 495, 8, 38, 1, 0.03937603071206674, 5.459620224204987, 0.11324639670555937, 2.383893845801876, 5, 3, -0.53134951341440029, -1)
(77, 101, 86, 386, 29, 35, 2, 0.0668344199976902, 4.119562243502052, 0.10560875512995896, 2.4856569133677566, 5, 3, -0.34158115069952522, -1)
(75, 92, 84, 282, 27, 31, 2, 0.0680492240409431, 2.9050487664945495, 0.08089500860585198, 2.830171635049684, 5, 3, -0.42562425018838662, -1)
(20, 27, 28, 26, 26, 20, 2, 0.0, 0.6111111111111112, 0.06878306878306878, 1.9047619047619047, 2, 1, -1.0, -1)
(14, 21, 38, 73, 17, 22, 3, 0.11844238492845305, 1.5490753911806543, 0.10384068278805121, 2.2531194295900177, 5, 3, -0.6273203532570919, -1)
(81, 98, 94, 496, 20, 48, 7, 0.07080393393917062, 5.012811713566689, 0.11347517730496454, 2.250225835591689, 5, 3, -0.49310243919764557, -1)
(61, 80, 85, 243, 42, 37, 9, 0.12207984001955956, 1.915966386554622, 0.0680672268907563, 2.5890878090366582, 6, 3, -0.29853192044588295, -1)
(38, 45, 59, 354, 13, 44, 2, 0.24176679456745018, 6.533606078316774, 0.20689655172413793, 1.9855889724310778, 4, 2, -0.36772113377567184, -1)
(36, 39, 40, 217, 7, 24, 2, 0.1591948636682114, 7.316666666666666, 0.2782051282051282, 1.8477951635846372, 4, 2, -0.29064389896833775, -1)
(21, 29, 29, 25, 28, 22, 4, 0.0, 0.6305418719211823, 0.06157635467980296, 1.9130434782608696, 2, 1, -1.0, -1)
(44, 63, 60, 127, 29, 24, 10, 0.043192431561996765, 1.2898305084745763, 0.07175141242937853, 2.4414634146341463, 6, 3, -0.51621593970603308, -1)
(20, 19, 3, 2, 2, 2, 1, 0.0, 1.0, 0.6666666666666666, 1.3333333333333333, 2, 1, -1.0, -1)
(49, 59, 68, 398, 15, 31, 3, 0.17553567406432527, 6.202370500438982, 0.17471466198419666, 2.1959325396825395, 5, 3, -0.30311931140357123, -1)
(27, 31, 38, 152, 7, 17, 1, 0.02489945984528028, 5.21479374110953, 0.21621621621621623, 2.22475106685633, 5, 3, -0.22904957213023305, -1)
(46, 49, 48, 164, 20, 28, 1, 0.12927906645011908, 3.2854609929078014, 0.1453900709219858, 2.2641843971631204, 4, 2, -0.37991177657220526, -1)
(36, 57, 65, 191, 25, 29, 1, 0.026590845052383506, 2.6495192307692306, 0.09182692307692308, 2.6033653846153846, 5, 3, -0.53529298529991176, -1)
(27, 32, 34, 103, 7, 28, 1, 0.22647447868036102, 3.089126559714795, 0.1836007130124777, 2.0089126559714794, 4, 2, -0.59444830384595282, -1)
(30, 41, 40, 73, 14, 24, 5, 0.029257246376811596, 1.3217948717948718, 0.09358974358974359, 2.1794354838709675, 5, 3, -0.75616643855675125, -1)
(24, 29, 29, 30, 20, 15, 3, 0.0, 0.5517241379310345, 0.07389162561576355, 2.1637426900584797, 5, 3, -0.73868245094815332, -1)
(17, 22, 30, 61, 11, 25, 1, 0.14055555555555557, 1.9080459770114941, 0.14022988505747128, 2.0413793103448277, 4, 2, -0.67001899653592589, -1)
(106, 128, 120, 671, 39, 84, 2, 0.10086944801691372, 4.675350140056023, 0.09397759103641457, 2.279298855570042, 5, 3, -0.48903685319555118, -1)
(29, 34, 33, 125, 9, 19, 1, 0.0, 4.988636363636363, 0.23674242424242425, 2.053030303030303, 4, 3, -0.55694947163171649, -1)
(44, 53, 91, 636, 23, 57, 3, 0.241918137659689, 6.767765567765568, 0.15531135531135531, 2.1684041700080194, 5, 3, -0.42262692318370959, -1)
(37, 51, 51, 52, 36, 27, 10, 0.21956873917658232, 0.49019607843137253, 0.0407843137254902, 2.1875, 4, 2, -0.66438344464752397, -1)
(22, 31, 30, 51, 14, 22, 4, 0.1510822510822511, 1.264367816091954, 0.11724137931034483, 1.855072463768116, 3, 2, -0.83944553965778934, -1)
(31, 40, 121, 241, 52, 38, 6, 0.02711518552101414, 1.4902203856749312, 0.033195592286501374, 3.333005733005733, 7, 4, -0.38095877377818532, -1)
(49, 66, 70, 137, 34, 26, 8, 0.12880441655253683, 1.2513457556935819, 0.0567287784679089, 2.7285714285714286, 6, 3, -0.38623650125728659, -1)
(226, 242, 241, 1985, 95, 191, 7, 0.3000606128267751, 5.80618948824343, 0.06863762102351315, 2.1836359457595953, 5, 3, -0.65070250996907586, -1)
(15, 13, 57, 178, 19, 25, 4, 0.1015560498801496, 2.8947368421052633, 0.11152882205513784, 2.5819607843137256, 7, 4, -0.28118642841375785, -1)
(24, 33, 48, 152, 16, 30, 1, 0.1896983858164065, 2.752659574468085, 0.1347517730496454, 2.3102836879432624, 5, 3, -0.48476679472206119, -1)
(42, 59, 58, 128, 29, 30, 9, 0.08945194188404025, 1.4821536600120992, 0.07743496672716274, 2.191637630662021, 5, 3, -0.4628989624057348, -1)
(36, 53, 58, 214, 16, 29, 1, 0.35464327932191086, 3.291591046581972, 0.1294615849969752, 2.322444041137326, 5, 3, -0.28797404470563698, -1)
(66, 88, 86, 271, 39, 42, 9, 0.10017543020137074, 2.239671682626539, 0.07414500683994528, 2.322212467076383, 5, 3, -0.34835561107480778, -1)
(29, 40, 41, 149, 12, 32, 1, 0.19530063003949388, 3.819512195121951, 0.18170731707317073, 2.0, 4, 2, -0.44509825468604308, -1)
(80, 95, 95, 341, 32, 37, 8, 0.05511934903841443, 2.9278835386338184, 0.07637178051511759, 2.4175925925925927, 5, 3, -0.44209163498343446, -1)
(30, 45, 45, 61, 20, 24, 7, 0.0, 0.9505050505050505, 0.06161616161616162, 2.2954545454545454, 5, 3, -0.47950682351236545, -1)
(43, 55, 82, 427, 25, 39, 7, 0.13757007885595074, 4.625414031918097, 0.12857573020174645, 2.2115942028985507, 5, 3, -0.37884977741991832, -1)
(26, 35, 36, 61, 15, 24, 2, 0.03713768115942029, 1.5571428571428572, 0.09682539682539683, 2.265597147950089, 5, 3, -0.48429265970829222, -1)
(14, 16, 16, 15, 12, 12, 2, 0.0, 0.8166666666666667, 0.125, 1.956043956043956, 3, 2, -0.81267217630854005, -1)
(37, 64, 64, 127, 36, 36, 4, 0.027975843600843604, 1.4270833333333333, 0.06299603174603174, 2.6315789473684212, 5, 3, -0.44277984885680799, -1)
(169, 196, 189, 804, 94, 66, 5, 0.031610986319237144, 2.751379038613081, 0.04525498142519419, 3.0009208103130756, 5, 3, -0.62093198455747456, -1)
(24, 39, 39, 46, 20, 19, 10, 0.4409956515219673, 0.5479082321187584, 0.0620782726045884, 1.8285714285714285, 3, 2, -0.9470357717041803, -1)
(19, 25, 52, 98, 26, 27, 8, 0.1126943265800732, 1.0852187028657616, 0.07390648567119155, 2.24024024024024, 5, 3, -0.48925421998486246, -1)
(17, 24, 25, 34, 13, 17, 2, 0.32311408199643493, 1.0933333333333333, 0.11333333333333333, 2.1343873517786562, 4, 2, -0.6349848331648128, -1)
(33, 40, 94, 536, 27, 45, 5, 0.09597652466796107, 5.329901624342256, 0.12262640128117136, 2.374281805745554, 5, 3, -0.48221053475222947, -1)
(184, 193, 181, 685, 112, 157, 6, 0.12543677048146046, 2.272866789441375, 0.042050337630448124, 2.0590987272101824, 4, 2, -0.36491021000073903, -1)
(16, 15, 2, 1, 2, 1, 1, 0.0, 1.0, 1.0, 1.0, 1, 1, nan, -1)
(38, 52, 53, 177, 23, 30, 5, 0.08576883843063185, 2.9970972423802613, 0.12844702467343977, 2.175757575757576, 5, 3, -0.41398605726091148, -1)
(26, 33, 32, 45, 17, 18, 3, 0.1950200534759358, 0.8125, 0.0907258064516129, 2.017316017316017, 4, 2, -0.728427461683813, -1)
(98, 93, 115, 359, 44, 41, 5, 0.06919457192475718, 2.4276125095347063, 0.0547673531655225, 2.687004055722095, 6, 3, -0.31422894479934227, -1)
(66, 79, 82, 206, 32, 47, 2, 0.02217617605977525, 2.0554049984944296, 0.06202950918398073, 2.6, 7, 4, -0.38596466355799436, -1)
(25, 29, 30, 59, 8, 18, 2, 0.0, 1.7839080459770116, 0.135632183908046, 2.12, 4, 2, -0.71130599668167782, -1)
(27, 34, 35, 109, 7, 23, 1, 0.0, 3.761344537815126, 0.18319327731092436, 2.1445378151260504, 5, 3, -0.50081315884826416, -1)
(87, 111, 112, 475, 45, 58, 6, 0.055919831829307556, 3.3032496782496783, 0.07641570141570142, 2.4459328285769755, 5, 3, -0.46747460237937183, -1)
(70, 70, 73, 443, 12, 28, 3, 0.03127746028050647, 7.1316590563165905, 0.16856925418569255, 2.210997442455243, 5, 3, -0.29518442025944114, -1)
(18, 23, 23, 54, 2, 19, 1, 0.0, 2.6679841897233203, 0.2134387351778656, 1.8181818181818181, 4, 2, -0.98469659435556678, -1)
(77, 66, 76, 354, 12, 29, 3, 0.01618652857007527, 4.802105263157895, 0.12421052631578948, 2.394757433489828, 5, 3, -0.41845907354723044, -1)
(22, 37, 38, 36, 28, 19, 9, 0.0, 0.41251778093883357, 0.051209103840682786, 2.0259740259740258, 4, 2, -0.83737848985429142, -1)
(35, 45, 48, 50, 32, 25, 8, 0.0358531746031746, 0.5602836879432624, 0.044326241134751775, 2.3333333333333335, 5, 3, -0.60769684707469251, -1)
(22, 28, 29, 38, 15, 26, 1, 0.0, 1.2142857142857142, 0.09359605911330049, 2.0098522167487687, 4, 2, -0.78260278165062769, -1)
(86, 86, 159, 507, 55, 53, 6, 0.04306024640177085, 2.361276968394236, 0.040363028421304036, 2.910533774208786, 8, 4, -0.4167736992768688, -1)
(4, 3, 3, 2, 2, 2, 1, 0.0, 1.0, 0.6666666666666666, 1.3333333333333333, 2, 1, -1.0, -1)
(28, 42, 42, 33, 38, 22, 10, 0.0, 0.33797909407665505, 0.03832752613240418, 1.9855072463768115, 3, 2, -0.86977648202138014, -1)
(126, 135, 132, 937, 37, 86, 4, 0.2913240605705461, 5.892088827203331, 0.10837381448068471, 2.2341587301587302, 4, 2, -0.50826955894035053, -1)
(26, 30, 29, 46, 8, 24, 2, 0.6376775897765403, 1.4285714285714286, 0.11330049261083744, 1.9487179487179487, 3, 2, -0.90378204864397704, -1)
(20, 19, 2, 1, 2, 1, 1, 0.0, 1.0, 1.0, 1.0, 1, 1, nan, -1)
(27, 30, 25, 33, 10, 7, 1, 0.0, 1.3333333333333333, 0.11, 3.2533333333333334, 7, 4, -0.4800327667417581, -1)
(93, 133, 247, 405, 113, 153, 1, 0.5305284222370524, 1.313617063296139, 0.01333070010862052, 2.3416609064876073, 3, 2, -0.96923540160203803, -1)
(3, 2, 3, 2, 2, 2, 1, 0.0, 1.0, 0.6666666666666666, 1.3333333333333333, 2, 1, -1.0, -1)
(119, 146, 136, 618, 49, 65, 10, 0.11055106651276148, 3.4238562091503266, 0.0673202614379085, 2.526582645226713, 5, 3, -0.33879693812526396, -1)
(3, 3, 2, 1, 2, 1, 1, 0.0, 1.0, 1.0, 1.0, 1, 1, nan, -1)
(10, 11, 11, 10, 10, 10, 1, 0.0, 1.0, 0.18181818181818182, 1.8181818181818181, 2, 1, -1.0, -1)
(37, 33, 43, 49, 31, 28, 1, 0.0, 1.0454042081949058, 0.05426356589147287, 2.4208194905869322, 4, 2, -0.62519177759528388, -1)
